215
250
78
94
244
135
36
196
235
68
85
123
220
139
87
9
67
102
149
111
243
118
27
147
93
64
72
120
92
151
60
150
201
127
231
59
223
17
34
62
148
239
128
115
98
15
137
125
112
19
21
26
39
108
10
65
185
247
227
242
83
101
41
61
224
114
169
117
241
103
100
43
164
225
237
52
194
179
66
156
184
24
109
106
213
190
163
71
221
23
3
249
170
134
146
126
240
20
22
251
206
210
187
14
48
217
168
173
229
193
32
136
28
30
200
89
29
238
46
186
195
188
192
182
145
51
35
63
56
75
45
233
69
144
16
181
91
55
160
7
107
99
208
142
119
105
203
207
121
11
47
175
97
230
113
86
138
191
1
159
74
4
198
216
5
53
116
176
122
157
25
8
161
214
202
158
246
232
104
236
174
42
37
211
49
171
88
73
76
252
178
133
6
130
152
50
141
180
143
33
167
110
253
154
204
54
209
155
2
234
96
228
40
44
58
95
82
183
70
166
18
205
132
131
77
153
199
79
80
172
189
38
245
219
177
254
140
31
165
212
218
84
0
248
255
81
57
124
197
12
226
13
222
129
90
162
