96
68
190
203
189
198
244
210
16
0
186
79
119
94
159
146
76
122
144
164
53
179
111
199
207
182
168
172
62
80
5
45
97
243
133
209
161
191
58
65
241
57
141
157
238
138
151
192
142
38
222
113
165
240
234
112
137
170
205
250
78
169
27
24
181
242
204
246
87
108
162
184
229
251
125
93
177
224
228
227
236
49
88
56
163
139
206
105
15
248
231
174
140
70
13
74
35
155
2
77
19
156
73
30
42
34
61
107
154
254
178
18
98
147
220
31
9
143
208
253
67
129
83
188
116
126
221
41
160
230
131
150
48
11
90
32
211
200
46
100
4
29
123
109
215
72
63
25
54
22
130
8
69
232
104
101
85
237
202
44
26
12
60
255
64
219
51
117
235
28
187
252
193
1
20
152
167
245
225
89
194
226
47
233
158
132
185
216
71
121
214
118
86
145
33
213
134
249
196
223
50
128
148
10
55
23
92
217
59
102
195
91
3
82
127
106
120
124
39
36
40
37
153
171
75
239
183
114
218
84
103
21
52
43
176
99
66
175
17
95
247
110
7
81
149
166
136
197
201
180
14
212
135
173
115
6
