64
21
61
166
75
190
92
237
197
247
18
113
153
187
255
124
34
103
17
159
181
53
211
48
170
87
136
221
220
130
195
133
235
90
63
71
127
100
223
13
155
37
95
35
139
194
46
91
189
147
67
62
107
105
89
32
141
69
134
175
250
225
169
184
253
12
145
66
29
192
162
0
219
242
82
65
144
56
98
198
207
208
43
49
23
6
254
182
150
209
104
45
193
248
241
102
101
132
83
50
128
77
142
227
116
97
186
188
216
33
41
15
81
59
173
202
137
14
151
88
10
72
121
177
161
196
176
222
24
215
233
76
164
171
229
185
224
129
55
112
213
160
20
109
99
25
165
78
231
94
51
201
168
16
108
74
232
31
152
234
27
200
199
123
205
158
251
236
204
146
163
85
226
206
126
252
28
38
180
154
40
135
70
245
239
179
8
19
52
178
5
68
30
140
172
157
73
238
218
26
148
214
106
1
212
131
39
2
86
84
246
4
9
7
118
57
183
96
210
119
110
228
249
117
44
115
149
111
60
167
114
80
203
122
191
3
47
54
230
244
138
120
42
217
79
11
143
125
240
156
36
93
58
22
243
174
