216
64
46
196
77
195
40
0
87
129
16
171
13
187
17
126
47
178
102
231
32
241
79
208
206
29
145
57
52
49
172
4
61
215
182
65
104
5
19
159
80
121
25
134
131
193
169
139
50
140
91
227
176
108
123
154
147
141
205
252
59
190
71
184
51
239
55
73
165
10
42
18
166
33
12
117
174
219
23
68
153
137
201
118
8
45
163
54
226
74
110
180
56
235
164
9
138
62
188
135
242
185
2
43
31
255
28
27
233
151
144
130
212
99
75
67
250
114
237
221
30
36
211
106
197
124
44
253
192
111
113
244
220
228
1
177
37
53
93
218
179
173
251
85
157
78
95
214
58
122
149
83
186
155
254
248
15
150
249
148
127
223
222
224
143
240
39
100
203
3
128
162
230
181
168
6
232
96
88
170
210
22
94
107
97
116
229
70
20
158
76
200
72
90
132
236
92
245
133
191
189
225
238
125
234
105
243
142
160
14
84
204
98
217
175
246
48
38
81
146
209
119
156
109
136
213
34
86
103
60
207
24
7
167
120
183
202
199
11
82
89
198
41
247
69
35
101
115
63
21
66
26
112
152
161
194
