107
178
221
104
180
163
29
227
209
43
87
5
61
40
219
239
214
99
78
1
220
102
248
127
131
70
226
155
197
215
160
13
72
233
98
174
50
27
71
54
176
30
122
4
45
138
154
158
196
67
100
246
56
230
183
243
235
250
125
140
9
57
166
225
244
118
152
188
200
133
73
42
141
58
51
23
109
198
16
48
236
171
74
151
11
108
44
159
59
75
242
204
229
179
245
126
17
191
24
32
157
21
252
66
211
129
62
208
165
238
254
60
113
144
128
41
149
147
69
231
84
164
77
7
203
162
193
172
224
63
119
0
96
25
134
161
182
210
85
20
199
114
205
150
181
83
46
105
89
19
228
103
64
93
94
55
110
39
255
130
37
88
206
146
192
207
15
82
249
115
35
36
124
86
65
117
169
116
28
173
76
153
132
22
185
148
6
223
120
167
38
80
8
106
156
190
187
170
247
195
145
79
241
101
90
251
136
143
139
14
53
34
12
175
237
194
26
177
234
97
184
202
137
112
218
142
253
10
2
92
95
123
217
52
232
49
201
186
3
216
68
212
189
18
121
168
111
222
135
213
91
31
47
240
81
33
