195
227
24
91
60
147
201
5
188
110
106
95
101
122
68
174
123
56
246
65
159
130
129
167
58
124
186
22
181
54
75
184
16
165
214
81
238
45
170
63
163
57
128
252
203
114
119
71
137
226
9
23
29
20
243
210
172
162
221
88
73
132
249
17
253
160
30
180
138
208
145
118
25
34
131
220
115
127
173
36
98
13
192
94
204
46
198
84
78
126
52
90
104
156
26
134
125
193
244
59
199
102
92
239
53
202
154
11
50
21
254
223
179
251
240
144
139
242
236
99
61
43
215
44
64
97
231
69
37
176
86
136
70
83
42
200
168
157
219
77
190
228
142
222
151
6
255
224
235
245
7
141
212
111
247
140
230
183
0
248
31
116
67
211
19
149
189
150
107
10
96
194
175
33
55
169
100
216
120
105
232
85
148
237
66
82
14
80
108
35
76
229
109
158
87
164
146
209
171
205
153
185
8
72
233
177
155
187
89
178
47
38
2
40
213
196
113
15
225
39
133
143
197
27
217
1
250
121
117
161
4
218
93
48
182
234
74
79
135
3
32
241
191
112
152
206
51
12
207
18
103
166
28
62
41
49
