1
215
247
87
243
234
203
106
75
172
84
160
113
206
45
178
151
254
10
192
157
230
183
12
20
47
188
34
91
32
64
164
104
167
14
71
140
52
212
224
119
248
209
48
66
81
59
145
93
253
112
240
226
159
108
237
110
182
46
49
142
168
51
129
218
11
61
150
239
227
148
255
122
80
69
196
30
143
25
194
232
133
117
125
184
16
235
107
65
26
5
250
202
137
44
174
219
245
116
111
201
118
156
89
242
166
152
252
8
98
136
42
139
146
102
154
90
40
200
222
58
246
77
210
189
197
216
76
251
186
236
126
153
21
244
171
185
88
144
114
74
33
217
62
115
131
120
83
63
109
92
165
162
9
193
70
175
229
0
43
3
23
207
199
94
179
100
60
68
130
29
128
135
73
57
127
17
187
85
141
190
31
124
79
181
15
138
205
22
149
95
2
96
27
37
170
39
7
208
161
177
132
220
19
155
78
105
6
233
191
41
198
97
204
18
173
147
67
36
221
55
249
121
231
223
169
72
38
86
56
13
163
101
211
195
53
228
4
176
50
213
103
28
99
225
134
214
180
24
158
123
35
238
54
241
82
