229
245
108
79
198
217
124
180
181
27
251
138
168
177
139
228
44
17
242
227
212
47
209
64
250
183
222
28
225
219
215
210
127
70
43
36
255
192
82
128
211
126
29
130
68
41
15
136
92
112
241
3
244
63
56
115
8
72
150
75
40
188
214
6
46
123
33
226
125
113
14
25
11
121
119
185
140
26
131
73
78
237
145
230
186
194
240
106
102
69
96
10
9
90
60
2
100
45
120
191
99
201
174
187
141
1
117
16
172
111
243
218
35
104
169
252
118
34
38
195
196
239
4
52
175
216
87
95
19
158
94
39
157
30
57
213
156
91
109
12
249
206
220
133
0
93
98
13
48
54
155
58
83
154
208
236
184
142
205
148
178
97
51
76
247
37
143
101
134
21
129
89
23
144
88
234
18
163
62
164
74
190
233
77
166
86
65
61
71
66
135
173
50
197
24
176
171
162
170
207
132
147
161
55
85
31
5
203
7
149
53
160
254
137
152
165
114
182
105
107
49
199
202
231
224
159
232
223
204
103
253
122
22
238
146
167
116
248
80
200
153
221
84
151
59
179
193
246
81
189
42
67
110
32
235
20
