108
247
82
92
240
115
67
189
132
124
137
244
186
36
209
225
182
58
184
80
72
91
224
201
90
45
206
109
48
28
155
136
3
24
169
85
35
60
97
5
122
223
70
63
53
242
123
96
236
98
116
174
102
156
64
218
141
216
120
114
20
101
59
200
23
150
157
204
11
30
198
235
7
34
249
76
173
105
250
165
1
89
95
130
212
103
44
162
199
131
125
192
139
112
246
42
61
75
25
69
233
52
29
135
161
231
21
0
62
31
78
118
111
232
133
238
134
117
151
13
188
86
83
147
8
144
146
176
197
47
217
170
41
178
88
16
175
40
153
245
152
164
195
207
211
87
208
9
107
251
27
43
140
243
49
234
187
33
183
99
128
19
104
255
163
119
149
38
160
56
228
65
81
51
138
79
177
220
46
222
50
179
241
32
77
12
181
180
94
4
110
126
68
74
142
210
219
158
253
193
18
17
145
172
57
26
113
248
129
106
37
54
203
254
194
66
221
166
55
73
100
229
230
167
252
237
71
190
127
121
84
226
239
213
196
6
214
15
10
227
215
148
202
39
143
159
191
2
185
14
93
205
168
22
171
154
