235
210
59
179
224
103
142
7
154
118
135
158
153
21
15
198
63
47
219
84
211
79
232
140
113
19
230
51
114
20
188
215
192
218
244
148
175
233
55
162
41
183
236
141
146
87
168
251
43
139
106
143
212
194
129
202
189
204
57
27
76
77
152
227
67
16
214
145
132
254
65
246
234
91
174
116
107
197
225
96
161
85
149
28
64
123
134
108
62
13
101
200
75
12
231
166
222
238
242
209
239
71
185
18
127
120
10
156
50
131
54
203
111
138
240
100
33
112
56
208
95
82
207
58
14
40
221
165
83
53
229
125
90
201
81
48
250
121
122
46
70
38
6
61
117
36
196
171
110
115
163
164
66
195
176
182
74
136
170
199
26
144
181
159
184
252
37
88
126
78
237
223
186
86
228
178
5
248
72
124
213
109
205
23
42
128
8
45
22
217
73
80
160
34
0
177
130
31
17
216
172
190
2
245
241
119
169
97
187
94
60
105
35
69
253
255
247
150
1
102
68
155
151
133
137
93
32
3
167
157
98
92
52
99
29
24
4
44
9
191
243
49
249
206
173
104
30
11
180
25
226
89
193
147
220
39
