104
71
150
67
219
12
18
99
229
33
247
53
214
193
191
96
146
60
85
126
35
102
237
79
196
75
206
138
19
74
82
49
108
16
252
10
202
254
186
173
151
162
155
210
41
29
142
197
180
69
40
140
236
45
110
14
92
128
231
222
189
164
209
169
143
94
39
95
204
154
101
170
190
97
238
185
188
225
48
149
9
232
83
132
23
84
230
122
134
172
141
181
11
241
27
217
176
87
52
4
152
192
194
168
91
245
93
187
135
234
163
17
211
223
179
26
161
182
32
137
21
113
90
118
103
109
86
160
121
43
115
56
178
15
213
147
246
51
42
70
1
131
55
13
76
57
22
112
239
250
171
25
243
129
177
63
156
242
80
220
167
216
255
116
249
184
224
148
30
166
136
5
100
105
114
201
20
54
66
207
68
174
44
159
77
127
203
28
200
153
183
81
3
123
37
165
24
158
0
73
195
205
133
208
6
2
253
244
64
120
111
228
72
117
78
89
215
88
124
62
50
175
34
144
106
130
227
98
65
59
240
235
61
139
221
226
47
107
218
251
145
212
38
8
46
198
199
119
248
31
58
157
36
233
7
125
