68
85
64
67
83
115
230
228
96
160
243
144
107
214
99
60
4
169
245
165
87
185
220
136
181
199
254
100
198
127
134
255
215
128
168
6
25
98
103
131
58
207
14
126
174
59
176
72
246
2
18
184
213
197
125
146
154
21
10
225
109
26
39
114
49
161
252
27
19
62
12
216
112
190
239
118
234
36
94
95
163
38
50
151
248
105
31
28
123
150
77
13
238
162
148
55
71
155
167
119
166
208
92
40
142
122
23
141
22
45
33
78
48
180
130
17
101
138
175
195
182
244
0
106
70
153
86
34
226
82
66
189
204
9
223
203
137
222
227
232
147
69
152
111
206
202
179
56
57
158
171
121
192
41
133
240
242
233
170
81
7
54
29
173
200
37
221
53
110
46
196
231
108
156
212
237
205
187
135
74
251
8
43
177
104
52
219
172
241
80
117
247
63
188
178
143
88
102
1
51
253
149
44
3
191
24
20
224
32
113
75
73
42
89
124
209
97
210
93
193
35
129
139
145
65
140
30
116
211
61
249
229
250
183
11
157
90
15
47
79
164
5
76
235
186
120
217
218
201
194
84
16
236
132
159
91
