186
205
155
192
45
244
226
246
159
17
189
196
153
38
61
215
7
95
124
47
198
223
157
255
221
57
147
162
19
16
233
86
56
1
80
142
184
66
176
156
51
132
11
58
169
193
112
117
232
210
105
68
175
252
127
138
79
191
22
123
40
134
60
180
185
35
237
72
152
251
228
203
26
73
92
194
146
163
46
197
0
37
29
4
27
161
2
165
179
85
36
13
195
166
154
50
3
63
218
106
23
9
199
253
93
77
110
139
229
98
241
137
52
231
209
33
188
216
65
208
202
41
21
143
217
64
83
54
145
190
5
158
75
149
207
160
18
167
6
42
67
227
225
235
107
87
70
206
177
236
141
14
39
247
119
170
108
71
245
239
214
90
12
168
151
84
219
49
248
181
126
78
249
114
102
213
204
32
109
25
100
118
31
144
121
129
113
135
81
234
120
173
55
125
183
201
187
243
212
111
171
101
174
96
240
130
104
97
242
254
178
200
89
136
133
250
24
34
74
128
91
116
20
230
43
99
69
238
182
172
10
131
8
148
82
30
103
115
76
222
88
15
164
220
224
44
53
62
28
48
150
59
94
140
122
211
