176
229
86
169
175
87
200
76
218
139
70
98
179
111
189
130
205
227
42
160
26
164
77
137
39
148
80
84
150
142
136
159
244
253
104
211
47
32
15
197
236
226
204
79
9
230
7
17
129
222
99
171
121
186
183
5
30
44
2
254
8
52
66
3
16
251
223
55
166
250
243
46
138
214
245
240
143
21
178
61
48
132
28
141
231
6
128
161
100
151
216
63
124
105
255
158
172
89
67
118
228
224
173
192
110
207
140
33
18
168
115
112
82
93
81
40
73
219
101
58
83
45
185
234
146
181
108
206
94
177
201
208
196
191
43
114
64
152
56
239
203
182
217
60
241
184
36
162
71
107
232
194
41
155
221
120
68
154
25
122
72
131
62
19
23
0
199
238
65
29
53
157
213
106
163
50
10
210
12
237
35
88
49
119
97
134
247
31
90
215
190
24
34
193
153
202
74
144
135
235
22
145
57
20
54
180
78
195
242
51
117
75
85
123
102
95
69
116
156
174
127
27
38
165
113
225
14
1
167
92
220
133
126
233
4
147
188
212
187
248
170
109
149
125
91
59
11
37
209
13
249
103
96
246
198
252
