158
173
69
60
152
242
155
220
38
68
255
66
195
154
90
239
159
22
3
25
13
70
54
97
33
175
249
197
32
24
11
117
47
202
8
62
39
208
1
228
116
30
244
65
87
64
73
118
27
71
81
19
212
184
93
250
137
34
114
203
141
57
157
185
247
188
169
37
106
143
75
77
113
237
192
48
84
181
98
115
123
227
102
139
172
74
61
183
52
201
21
163
36
28
215
49
0
254
165
111
186
125
80
221
35
178
224
130
127
190
44
83
18
122
121
200
109
240
63
134
135
46
53
112
128
131
209
225
10
206
199
86
89
246
88
210
238
196
235
147
253
78
168
29
67
145
174
229
176
85
243
9
251
142
20
180
51
101
236
133
103
82
167
120
72
245
161
138
99
231
151
55
119
94
104
17
16
187
136
146
95
4
223
76
100
166
12
6
7
162
216
194
96
149
107
132
14
179
189
40
15
171
204
213
108
42
31
92
23
170
105
140
222
177
126
226
144
45
191
148
41
129
91
56
205
124
211
79
234
193
230
26
219
156
2
5
50
207
233
232
160
59
182
153
110
214
248
217
241
252
150
58
164
218
198
43
