51
182
18
54
229
255
67
127
170
159
195
105
161
76
87
55
69
25
209
103
189
78
164
75
231
61
253
104
136
183
20
224
32
22
28
15
88
223
57
208
194
142
139
250
181
218
160
121
122
71
60
157
240
91
254
216
225
52
29
186
211
5
227
19
13
246
202
109
102
228
203
68
221
147
196
132
162
130
197
230
135
180
239
222
207
214
128
64
116
148
83
171
129
112
219
114
93
119
101
217
118
111
123
173
59
27
100
44
120
3
188
151
199
167
210
33
244
48
168
235
249
1
204
193
166
62
138
70
175
236
85
252
154
10
11
90
126
99
206
191
41
24
232
141
7
46
74
241
94
144
43
63
245
47
115
97
37
96
77
9
172
39
177
152
124
134
66
163
107
220
158
82
45
205
38
26
72
30
6
201
117
36
176
50
226
251
187
42
213
156
98
212
198
58
185
108
40
248
73
153
89
149
145
192
0
131
234
23
35
86
21
125
247
34
155
169
143
79
190
150
95
200
237
56
238
215
49
179
4
113
174
165
106
84
65
133
110
2
92
31
178
8
17
12
184
14
146
233
137
53
16
140
81
80
243
242
