0
255
127
128
32
223
16
239
4
251
2
253
254
1
191
64
8
247
111
144
160
95
123
132
125
130
126
129
207
48
119
136
36
219
63
192
235
20
221
34
18
237
33
222
6
249
238
17
40
215
80
175
250
5
96
159
24
231
68
187
3
252
12
243
66
189
10
245
65
190
246
9
72
183
79
176
148
107
91
164
109
146
145
110
93
162
161
94
134
121
47
208
122
133
87
168
103
152
52
203
31
224
59
196
115
140
131
124
50
205
242
49
206
194
61
138
117
217
38
22
233
62
193
37
218
112
143
118
137
56
199
116
21
234
84
171
154
55
200
44
211
100
155
70
28
227
150
35
220
244
19
236
90
7
248
173
82
213
42
98
157
26
229
81
174
97
158
41
214
92
163
185
53
75
25
230
14
241
69
186
104
151
86
88
167
13
23
76
179
149
73
67
188
139
29
226
11
216
170
89
166
181
74
180
85
45
182
77
178
232
210
169
228
27
15
240
99
83
108
147
78
177
209
165
135
106
184
225
30
43
39
201
46
153
102
51
212
142
172
141
105
101
71
120
60
197
114
202
198
195
156
54
57
58
204
113
