255
0
16
239
2
253
1
254
64
191
247
8
32
223
127
128
4
251
18
237
17
238
3
252
245
10
24
231
66
189
80
175
246
9
65
190
34
221
48
207
125
130
111
144
33
222
183
72
126
129
215
40
96
159
119
136
63
192
249
6
20
235
5
250
95
160
243
12
68
187
36
219
132
123
19
236
26
229
11
244
82
173
25
230
67
188
81
174
74
181
50
205
109
146
35
220
88
167
49
206
73
182
131
124
204
51
42
213
110
145
76
179
56
199
98
157
240
41
214
117
138
143
112
194
61
97
158
152
103
47
208
22
233
137
118
176
62
193
7
248
104
151
77
178
162
93
92
163
234
21
79
105
78
177
227
241
14
200
55
94
161
70
185
28
84
171
13
242
107
108
147
69
186
168
87
115
140
38
217
31
224
170
113
121
52
203
134
37
218
180
148
195
90
139
99
212
122
133
184
154
141
114
91
156
44
211
228
216
75
232
100
155
23
196
59
89
45
142
166
169
164
150
83
172
27
54
201
39
153
202
60
116
53
29
46
43
106
149
15
58
197
210
165
120
226
57
85
102
71
198
225
30
209
135
86
101
