0
255
2
253
4
251
64
191
254
1
128
127
239
16
223
32
8
247
6
249
66
189
68
187
5
250
3
252
65
190
132
123
125
130
20
235
18
237
63
192
80
175
36
219
129
126
34
221
17
238
96
159
222
33
144
111
12
243
10
245
72
183
207
48
160
95
246
9
119
136
24
231
70
185
7
248
40
215
69
186
188
67
121
134
22
233
59
196
122
133
171
84
61
194
38
217
82
173
21
234
131
124
100
155
15
19
236
157
98
37
218
62
193
81
174
35
220
107
148
97
158
146
109
91
164
14
241
47
208
52
203
93
162
76
179
145
110
50
205
43
74
181
46
209
13
242
112
143
31
224
108
212
94
161
75
244
11
49
206
42
213
73
182
169
44
211
240
214
45
54
115
140
201
105
28
227
138
117
39
79
229
26
176
55
200
103
178
56
60
30
166
88
167
210
137
118
135
102
230
25
204
184
71
168
106
149
150
226
198
104
151
147
57
99
58
197
77
195
141
41
27
89
180
83
172
199
92
163
228
156
29
114
202
153
225
152
170
85
120
86
78
177
53
116
232
216
23
51
154
87
142
165
101
113
139
90
