0
255
128
127
239
16
8
247
64
191
1
254
2
253
32
223
4
251
111
144
24
231
119
136
63
192
80
175
17
238
18
237
125
130
126
129
48
207
95
160
246
9
183
72
20
235
40
215
10
245
65
190
132
123
12
243
33
222
3
252
66
189
96
159
221
34
187
68
36
219
5
250
6
249
103
152
47
208
110
145
109
146
25
230
88
167
176
79
55
200
31
26
229
118
137
56
199
81
174
138
117
107
148
87
168
62
193
227
28
82
173
19
236
194
61
49
206
73
182
112
143
224
131
124
115
140
161
94
50
205
214
41
11
244
84
171
74
181
151
104
93
162
234
21
22
233
52
203
59
196
42
213
67
188
97
158
133
122
76
179
13
242
134
121
164
91
44
211
14
241
35
220
98
157
186
69
37
218
100
155
70
185
7
248
150
105
217
38
114
141
99
156
180
106
149
184
198
240
204
108
147
178
85
170
102
153
202
29
86
75
51
177
116
225
101
154
169
43
89
212
57
53
54
201
77
15
45
83
172
78
226
39
113
142
216
210
30
46
209
71
23
232
197
139
90
120
135
27
228
165
58
92
163
166
195
60
