255
0
4
251
8
247
223
32
253
2
64
191
128
127
16
239
1
254
36
219
12
243
6
249
40
215
68
187
34
221
10
245
72
183
159
96
123
132
66
189
20
235
136
119
95
160
5
250
24
231
130
125
48
207
18
237
9
246
63
192
33
222
3
252
80
175
65
190
111
144
126
129
17
238
44
211
38
217
14
241
76
179
100
155
70
185
42
213
104
151
115
140
91
164
181
74
98
157
121
134
28
227
52
203
41
22
233
87
168
59
196
13
242
37
218
182
199
56
117
138
84
171
93
162
7
248
79
229
26
205
50
55
200
25
224
31
69
186
11
176
88
167
214
116
139
112
143
61
194
118
137
244
107
148
35
220
82
173
110
73
122
133
97
158
102
109
188
67
103
152
153
146
15
180
21
234
154
101
89
86
169
23
174
94
161
85
170
47
208
120
184
30
124
131
212
165
230
228
92
163
156
178
206
49
71
240
19
236
29
172
145
62
193
39
216
201
210
99
105
45
114
141
78
177
209
46
198
43
90
81
75
202
53
113
142
225
108
147
149
60
27
135
51
204
195
166
226
77
54
106
197
232
57
83
58
150
