255
0
32
223
2
253
8
247
239
16
64
191
1
254
128
127
251
4
34
221
18
237
40
215
10
245
96
159
66
189
48
207
222
33
219
36
252
3
249
6
80
175
231
24
125
130
95
160
72
183
9
246
12
243
68
187
190
65
235
20
17
238
111
144
119
136
63
192
5
250
132
123
126
129
42
213
50
205
98
157
82
173
38
217
26
229
35
220
74
181
75
112
143
56
199
104
151
93
162
210
233
22
241
14
70
185
11
244
19
236
211
44
188
67
100
155
214
41
109
146
52
203
97
158
117
138
61
194
49
206
88
167
87
168
79
176
224
31
7
248
37
218
171
84
134
121
45
28
227
179
76
25
230
81
174
124
131
91
164
73
182
47
208
152
103
161
94
60
195
55
200
27
226
29
59
21
234
62
193
46
209
101
201
177
13
242
69
186
148
107
212
115
140
30
196
118
137
139
110
145
149
169
71
58
197
116
240
172
83
39
198
102
53
202
163
120
225
89
184
99
92
156
57
141
114
216
23
85
170
15
106
54
43
232
166
77
108
147
153
133
122
135
105
180
150
228
154
178
204
86
113
142
51
90
165
78
