255
0
1
254
64
191
32
223
16
239
2
253
247
8
4
251
127
128
65
190
33
222
238
17
3
252
96
159
48
207
80
175
9
246
66
189
34
221
72
183
18
237
40
215
5
250
24
231
10
245
68
187
36
219
126
129
20
235
6
249
63
192
95
160
12
243
111
144
125
130
119
136
97
158
81
174
49
206
67
188
123
132
35
220
73
182
19
236
112
143
41
214
25
230
98
157
11
244
69
186
104
151
173
82
37
218
50
205
88
167
199
56
74
181
21
234
193
62
7
248
100
155
94
161
42
213
26
229
84
171
145
110
13
242
203
52
124
131
70
185
31
224
38
217
76
179
118
137
208
47
79
156
99
240
44
211
194
61
233
22
176
103
152
147
93
162
121
140
55
200
227
28
109
146
14
241
87
168
148
107
216
122
133
105
92
153
102
39
139
116
101
228
169
142
113
77
212
27
45
117
138
149
106
115
201
54
150
58
46
165
59
196
226
29
89
75
154
178
30
180
91
164
197
43
209
83
172
232
108
86
225
114
163
202
134
78
141
204
51
177
120
184
71
166
170
85
198
60
195
90
15
57
210
135
23
53
