0
255
251
4
2
253
16
239
254
1
64
191
127
128
32
223
8
247
249
6
20
235
5
250
187
68
123
132
18
237
66
189
219
36
3
252
125
130
12
243
17
238
80
175
34
221
65
190
111
144
63
192
129
126
10
245
33
222
96
159
48
207
95
160
24
231
9
246
72
183
119
136
40
215
22
233
70
185
7
248
121
134
21
234
171
84
38
217
69
186
107
148
59
196
133
122
14
241
82
173
19
236
52
203
218
37
67
188
100
155
146
109
194
61
131
124
91
164
28
227
116
139
13
242
179
76
53
202
174
81
98
157
205
50
35
220
201
150
115
140
214
47
208
110
145
93
162
193
62
26
229
210
74
181
97
138
117
225
11
244
44
211
54
49
206
45
112
143
158
180
75
176
79
31
224
94
161
41
25
230
88
167
118
137
240
114
113
226
42
213
73
182
55
200
78
142
212
60
195
152
103
154
101
169
27
197
209
85
204
56
199
153
104
151
120
87
141
15
168
57
102
71
184
170
29
163
178
77
232
198
108
147
135
165
90
58
228
86
99
39
216
149
89
23
43
177
30
105
106
166
172
83
51
46
156
92
