0
255
1
254
251
4
2
253
223
32
64
191
16
239
8
247
128
127
3
252
5
250
249
6
36
219
34
221
33
222
190
65
68
187
66
189
20
235
96
159
238
17
18
237
9
246
48
207
12
243
80
175
10
245
40
215
129
126
123
132
72
183
125
130
24
231
160
95
63
192
111
144
119
136
7
248
35
220
37
218
38
217
67
188
69
186
70
185
19
236
21
234
97
158
22
233
155
100
98
157
52
203
50
205
49
206
11
244
13
242
81
174
171
84
14
241
82
173
44
211
214
41
213
42
112
143
73
182
131
124
122
133
76
179
121
134
74
181
104
28
227
25
230
26
229
151
91
164
162
93
94
161
118
139
228
56
199
62
193
208
196
59
61
194
79
116
167
88
107
148
110
145
146
109
47
31
224
170
75
180
55
150
166
60
195
154
176
212
232
137
99
156
115
140
27
117
138
198
43
165
106
46
168
87
92
163
83
172
149
209
105
86
178
114
141
77
200
210
78
177
108
135
153
147
30
57
71
184
152
103
120
197
23
15
102
51
204
39
216
29
54
53
240
45
202
169
225
89
142
85
90
113
201
58
226
101
