0
255
223
32
2
253
1
254
16
239
251
4
128
127
64
191
247
8
34
221
33
222
252
3
6
249
48
207
237
18
219
36
95
160
17
238
125
130
5
250
126
129
159
96
66
189
20
235
190
65
111
144
123
132
80
175
68
187
63
192
40
215
10
245
9
246
24
231
12
243
119
136
72
183
35
220
85
170
38
217
50
205
93
162
7
248
84
171
206
49
19
236
37
218
157
98
161
94
124
131
233
22
52
203
79
176
109
146
134
121
158
97
67
188
91
164
81
174
21
234
69
186
112
143
82
173
163
92
110
145
185
70
100
155
122
133
117
138
31
224
61
194
107
148
213
42
193
62
89
166
214
41
11
244
116
139
47
208
77
178
141
56
199
26
229
59
196
29
212
241
14
44
211
226
242
73
113
25
230
88
167
87
168
114
76
179
13
43
108
142
101
154
240
195
177
104
151
181
74
28
227
105
118
137
201
152
103
53
202
15
172
46
54
182
198
115
140
86
169
99
228
71
209
58
197
90
75
45
210
57
30
225
120
149
78
200
55
60
180
147
106
150
204
27
184
83
232
51
23
135
39
216
102
153
165
156
