0
255
64
191
127
128
247
8
16
239
32
223
2
253
1
254
4
251
63
192
72
183
119
136
96
159
175
80
111
144
95
160
189
66
130
125
231
24
40
215
65
190
68
187
126
129
245
10
123
132
48
207
18
237
246
9
34
221
12
243
33
222
17
238
36
219
3
252
20
235
6
249
5
250
200
55
224
31
208
47
194
61
104
151
88
167
193
62
168
87
74
181
103
152
59
196
112
143
138
117
79
176
98
157
173
82
73
182
76
179
56
199
146
109
93
162
118
137
97
158
81
174
115
140
163
100
155
26
229
213
42
94
161
58
110
145
188
67
84
171
91
164
75
107
148
212
85
170
124
131
185
70
41
214
25
230
205
50
134
121
178
44
211
227
28
244
11
69
186
49
206
122
133
14
241
35
220
52
203
19
236
216
21
234
13
242
38
217
43
233
116
139
22
141
101
154
120
156
37
218
149
240
150
226
204
7
45
248
225
105
29
53
202
201
57
113
142
232
102
209
195
90
198
15
166
86
106
46
99
153
39
169
54
51
177
228
27
184
71
60
210
147
92
108
197
78
135
114
77
23
83
172
165
89
180
30
