255
0
64
191
239
16
4
251
2
253
8
247
32
223
1
254
127
128
175
80
68
187
20
235
72
183
66
189
96
159
48
207
24
231
190
65
18
237
17
238
192
63
111
144
12
243
6
249
5
250
9
246
10
245
40
215
219
36
34
221
252
3
33
222
123
132
119
136
126
129
125
130
95
160
84
171
88
167
82
173
112
143
81
174
208
47
142
28
227
76
179
220
185
70
22
233
21
234
73
182
74
181
25
230
69
186
203
52
199
56
104
151
26
229
100
155
98
157
205
50
67
188
49
206
19
236
97
158
193
62
15
55
200
107
148
59
196
226
103
152
61
194
44
41
110
145
79
176
31
224
109
146
75
13
242
14
241
211
58
197
248
7
11
244
214
42
213
38
217
37
218
29
209
46
35
195
60
101
162
93
115
140
71
163
133
137
43
212
118
122
121
134
117
138
87
168
178
77
164
91
27
198
57
131
124
94
161
89
166
78
177
54
201
45
210
180
102
153
202
169
172
30
92
108
147
184
53
114
204
51
85
170
225
23
150
228
86
39
216
135
154
113
240
139
141
232
116
120
106
149
83
105
165
99
156
90
