0
255
4
251
1
254
32
223
2
253
8
247
16
239
64
191
127
128
36
219
6
249
5
250
12
243
252
3
68
187
20
235
34
221
222
33
9
246
238
17
215
40
10
245
237
18
96
159
66
189
190
65
207
48
183
72
24
231
123
132
80
175
126
129
160
95
125
130
119
136
111
144
63
192
7
248
38
217
37
218
211
44
13
242
14
241
21
234
100
155
70
185
233
22
69
186
52
203
35
220
76
179
28
227
11
244
41
214
19
236
84
171
42
213
49
206
188
67
98
157
97
158
205
50
230
25
91
164
122
133
73
182
104
151
134
121
74
181
56
199
26
229
81
174
82
173
115
140
112
143
240
88
167
148
107
59
196
55
200
94
161
124
131
87
168
162
93
75
45
201
137
118
176
208
145
110
138
117
224
31
77
79
109
146
89
62
193
29
61
194
23
232
51
180
152
103
60
47
15
178
202
53
212
170
85
90
210
226
43
54
184
169
86
135
71
99
156
163
172
204
216
83
30
139
116
166
150
78
177
225
113
197
108
92
46
154
142
58
102
153
165
27
228
195
57
39
147
106
198
120
105
141
209
114
149
101
