0
255
1
254
128
127
8
247
223
32
2
253
16
239
64
191
4
251
9
246
126
129
33
222
95
160
119
136
3
252
238
17
65
190
40
215
245
10
63
192
24
231
72
183
111
144
221
34
130
125
96
159
48
207
18
237
66
189
80
175
5
250
36
219
123
132
12
243
68
187
6
249
235
20
94
161
137
118
41
214
11
244
35
220
73
182
62
193
230
25
124
131
97
158
168
87
110
145
49
206
67
188
236
19
31
224
93
162
55
200
117
138
81
174
213
42
103
152
104
151
79
176
56
199
74
181
61
194
98
157
26
229
109
146
88
167
47
208
50
205
112
143
173
82
37
218
133
122
242
13
69
186
248
7
91
164
21
234
115
140
44
211
100
155
196
59
38
217
76
179
121
134
14
241
107
148
52
203
28
227
185
70
106
149
84
171
22
233
156
99
30
201
204
39
105
150
139
71
154
195
116
178
15
90
165
210
135
102
141
114
46
58
45
29
226
86
212
197
120
43
75
180
23
232
54
170
163
60
142
209
113
108
147
153
228
77
225
169
92
202
89
166
83
53
177
78
27
240
57
198
101
172
85
51
216
184
