0
255
251
4
1
254
127
128
64
191
16
239
8
247
32
223
2
253
5
250
123
132
20
235
187
68
12
243
36
219
129
126
65
190
17
238
111
144
63
192
33
222
80
175
6
249
95
160
96
159
119
136
72
183
207
48
9
246
3
252
24
231
66
189
125
130
237
18
40
215
34
221
10
245
117
138
21
234
122
133
69
186
101
154
148
107
84
171
59
196
37
218
52
203
45
91
164
100
155
13
242
116
139
140
115
76
179
28
227
79
62
193
110
145
81
174
7
248
208
47
85
170
97
158
94
161
49
206
44
211
233
22
70
185
240
134
121
176
31
224
73
182
143
112
11
137
118
55
200
25
230
103
152
88
167
38
217
67
188
131
124
19
236
41
214
14
241
104
151
168
87
109
146
61
194
35
220
56
199
82
173
53
202
169
98
157
162
93
205
50
244
113
142
74
181
26
229
209
77
42
213
27
43
102
153
163
198
92
71
184
39
216
60
228
114
212
89
141
86
149
58
197
78
105
165
54
201
180
30
195
23
232
29
99
156
210
150
147
51
57
106
46
120
83
172
75
90
108
166
226
178
225
135
15
204
177
