0
255
64
191
2
253
8
247
32
223
128
127
1
254
251
4
16
239
66
189
96
159
72
183
63
192
10
245
34
221
125
130
3
252
190
65
68
187
6
249
40
215
119
136
95
160
80
175
9
246
126
129
18
237
33
222
12
243
123
132
36
219
250
5
231
24
48
207
144
111
17
238
98
157
74
181
194
61
20
235
67
188
104
151
70
185
224
31
200
55
42
213
138
117
93
162
73
182
97
158
82
173
11
244
62
193
124
131
35
220
76
179
100
155
59
196
14
241
134
121
38
217
87
168
69
186
167
88
112
143
7
248
39
118
137
41
214
208
47
178
26
229
92
161
94
13
50
205
78
109
146
81
174
19
236
212
140
115
44
211
15
27
164
91
84
171
242
230
71
122
133
79
184
46
218
37
86
169
120
233
22
199
77
56
103
152
116
176
163
234
135
210
166
25
216
228
83
172
141
58
114
49
206
226
106
149
150
145
110
21
57
75
53
202
170
85
232
23
99
105
29
177
28
51
204
148
240
54
225
43
180
108
102
198
227
156
90
52
60
195
153
203
107
147
45
154
101
89
197
165
209
139
113
201
30
142
